{
    "keyframes": [
        {
            "matrix": [
                -0.7060823200033471,
                0.10228584695732224,
                -0.7007034771505802,
                -3.8620876541407685,
                0.15376462399780677,
                -0.9437567771440623,
                -0.2927107548442071,
                -1.402426073942831,
                -0.6912338228020267,
                -0.3144212955683436,
                0.6506420299270718,
                3.600096895340864,
                0.0,
                0.0,
                0.0,
                1.0
            ],
            "fov": 90,
            "aspect": 1.7777777777777777,
            "enable_model_transform": true,
            "model_sizes": [],
            "model_poses": []
        },
        {
            "matrix": [
                -0.47211317120528207,
                0.127377683374213,
                -0.8722866956183105,
                -4.8005850818638205,
                0.1913468798783624,
                -0.9511065603213561,
                -0.2424514022943455,
                -1.1275258039263776,
                -0.860520496638696,
                -0.2813738379663215,
                0.42465661206767336,
                2.3640393411235103,
                0.0,
                0.0,
                0.0,
                1.0
            ],
            "fov": 90,
            "aspect": 1.7777777777777777,
            "enable_model_transform": true,
            "model_sizes": [],
            "model_poses": []
        },
        {
            "matrix": [
                -0.21725979805710438,
                0.1410626321987054,
                -0.965867234119348,
                -5.312436389074723,
                0.21182154020134958,
                -0.9591099771108855,
                -0.1877223665765095,
                -0.8281780023078168,
                -0.9528535119602145,
                -0.24537600861439193,
                0.1784959359244783,
                1.0176305056323893,
                0.0,
                0.0,
                0.0,
                1.0
            ],
            "fov": 90,
            "aspect": 1.7777777777777777,
            "enable_model_transform": true,
            "model_sizes": [],
            "model_poses": []
        },
        {
            "matrix": [
                0.11967758701695863,
                0.14347894507239778,
                -0.9823904862562087,
                -5.402812532887293,
                0.21538508595346573,
                -0.9696883895028723,
                -0.11538497307771238,
                -0.4325189260119661,
                -0.9691679626951237,
                -0.19778326416620312,
                -0.14695319153099562,
                -0.7624571492050023,
                0.0,
                0.0,
                0.0,
                1.0
            ],
            "fov": 90,
            "aspect": 1.7777777777777777,
            "enable_model_transform": true,
            "model_sizes": [],
            "model_poses": []
        },
        {
            "matrix": [
                0.5094548768477671,
                0.12433315199911221,
                -0.851467554149888,
                -4.686711995148224,
                0.18660828199473656,
                -0.9819218733582287,
                -0.03172985520989532,
                0.025043961757156036,
                -0.8400196887853282,
                -0.14272596797581613,
                -0.5234464829553902,
                -2.821737705381488,
                0.0,
                0.0,
                0.0,
                1.0
            ],
            "fov": 90,
            "aspect": 1.7777777777777777,
            "enable_model_transform": true,
            "model_sizes": [],
            "model_poses": []
        },
        {
            "matrix": [
                0.7962492247412423,
                0.08735864195927492,
                -0.5986281314589232,
                -3.3037728595993783,
                0.13111665361301675,
                -0.9909191061977657,
                0.029795102240896182,
                0.3615629688254219,
                -0.5905891933013123,
                -0.10221444441590671,
                -0.8004727428891335,
                -4.336969991389994,
                0.0,
                0.0,
                0.0,
                1.0
            ],
            "fov": 90,
            "aspect": 1.7777777777777777,
            "enable_model_transform": true,
            "model_sizes": [],
            "model_poses": []
        },
        {
            "matrix": [
                0.9650330099139515,
                0.03775028828916746,
                -0.25939584713426705,
                -1.4482963795426762,
                0.05670224007187001,
                -0.9962092215015589,
                0.06597001565931646,
                0.5594265098783984,
                -0.25592214782478545,
                -0.07837156837363399,
                -0.9635153094390384,
                -5.22875317789799,
                0.0,
                0.0,
                0.0,
                1.0
            ],
            "fov": 90,
            "aspect": 1.7777777777777777,
            "enable_model_transform": true,
            "model_sizes": [],
            "model_poses": []
        },
        {
            "matrix": [
                0.9917196214161155,
                -0.018761573909170947,
                0.1270440704744905,
                0.6653885826818493,
                -0.028038427042193895,
                -0.9970370448176369,
                0.07163084440597874,
                0.5903891719905019,
                0.1253237372059905,
                -0.07459982979715625,
                -0.9893072456456384,
                -5.369825632430852,
                0.0,
                0.0,
                0.0,
                1.0
            ],
            "fov": 90,
            "aspect": 1.7777777777777777,
            "enable_model_transform": true,
            "model_sizes": [],
            "model_poses": []
        },
        {
            "matrix": [
                0.8819786931256249,
                -0.06837384209497067,
                0.46630312307509464,
                2.5210114754142574,
                -0.10240947403477706,
                -0.9935830115817218,
                0.04801144367874164,
                0.4611996916623831,
                0.46002813446607277,
                -0.09009892792574545,
                -0.8833211752733525,
                -4.790120604706527,
                0.0,
                0.0,
                0.0,
                1.0
            ],
            "fov": 90,
            "aspect": 1.7777777777777777,
            "enable_model_transform": true,
            "model_sizes": [],
            "model_poses": []
        },
        {
            "matrix": [
                0.6136009547091825,
                -0.11443515706415532,
                0.7812800158763066,
                4.243819838178073,
                -0.17142804914756143,
                -0.9851492806039404,
                -0.009660170340092422,
                0.1457570633409448,
                0.7707829087009136,
                -0.12800581921631704,
                -0.6241059348390449,
                -3.372308078827359,
                0.0,
                0.0,
                0.0,
                1.0
            ],
            "fov": 90,
            "aspect": 1.7777777777777777,
            "enable_model_transform": true,
            "model_sizes": [],
            "model_poses": []
        },
        {
            "matrix": [
                0.281447638550543,
                -0.1390280917176996,
                0.9494516398783341,
                5.163657092376646,
                -0.2082448770332695,
                -0.9747171414624454,
                -0.08099731679925004,
                -0.2444310276092982,
                0.9367076907678944,
                -0.17492193645342058,
                -0.3032837255832634,
                -1.6175279736878578,
                0.0,
                0.0,
                0.0,
                1.0
            ],
            "fov": 90,
            "aspect": 1.7777777777777777,
            "enable_model_transform": true,
            "model_sizes": [],
            "model_poses": []
        },
        {
            "matrix": [
                -0.12443774744213665,
                -0.14375260491926228,
                0.9817588479817505,
                5.340365700437124,
                -0.21525723437566768,
                -0.9619737321006772,
                -0.1681394117904374,
                -0.721066404460023,
                0.9685967014503334,
                -0.23225358409984098,
                0.08876205615189482,
                0.5268190142858894,
                0.0,
                0.0,
                0.0,
                1.0
            ],
            "fov": 90,
            "aspect": 1.7777777777777777,
            "enable_model_transform": true,
            "model_sizes": [],
            "model_poses": []
        },
        {
            "matrix": [
                -0.4386632220326713,
                -0.13021235178062948,
                0.889167768803882,
                4.833926373709647,
                -0.1948989373177014,
                -0.9521111698034029,
                -0.23558167281863718,
                -1.0899508971279095,
                0.8772622081614748,
                -0.276638868887498,
                0.3922779044915723,
                2.1869396571070197,
                0.0,
                0.0,
                0.0,
                1.0
            ],
            "fov": 90,
            "aspect": 1.7777777777777777,
            "enable_model_transform": true,
            "model_sizes": [],
            "model_poses": []
        },
        {
            "matrix": [
                -0.6762128404164116,
                -0.1067791853992773,
                0.7289268824933234,
                3.9574673530577873,
                -0.15972039927354928,
                -0.9446575575174476,
                -0.2865510305007956,
                -1.368734635447858,
                0.719183974037149,
                -0.31019397897224993,
                0.6217347560636264,
                3.4419846836362464,
                0.0,
                0.0,
                0.0,
                1.0
            ],
            "fov": 90,
            "aspect": 1.7777777777777777,
            "enable_model_transform": true,
            "model_sizes": [],
            "model_poses": []
        },
        {
            "matrix": [
                -0.8498331734377339,
                -0.076442570469473,
                0.5214787730529129,
                2.8228020936317866,
                -0.11420187948912339,
                -0.9392121943920402,
                -0.32378756095075933,
                -1.5724048332486675,
                0.5145303762130118,
                -0.3347192664387719,
                0.7894437944710105,
                4.359291763878697,
                0.0,
                0.0,
                0.0,
                1.0
            ],
            "fov": 90,
            "aspect": 1.7777777777777777,
            "enable_model_transform": true,
            "model_sizes": [],
            "model_poses": []
        },
        {
            "matrix": [
                -0.9291544962964986,
                -0.053672857650802624,
                0.36577472078261136,
                1.9711578952848738,
                -0.08004611869739489,
                -0.9367259651676576,
                -0.340788915697391,
                -1.665396023412883,
                0.3609217933202194,
                -0.3459244000245105,
                0.8660668383988612,
                4.778391780026971,
                0.0,
                0.0,
                0.0,
                1.0
            ],
            "fov": 90,
            "aspect": 1.7777777777777777,
            "enable_model_transform": true,
            "model_sizes": [],
            "model_poses": []
        }
    ],
    "camera_type": "perspective",
    "render_height": 1080.0,
    "render_width": 1920.0,
    "fps": 30.0,
    "seconds": 4.0,
    "is_cycle": true,
    "smoothness_value": 0.0,
    "orientation_transform": [
        [
            1.0,
            0.0,
            0.0,
            0.0
        ],
        [
            0.0,
            1.0,
            0.0,
            0.0
        ],
        [
            0.0,
            0.0,
            1.0,
            0.0
        ],
        [
            0.0,
            0.0,
            0.0,
            1.0
        ]
    ],
    "background_color": [
        0.5,
        0.5,
        0.5
    ],
    "sh_degree": 3,
    "camera_path": [
        {
            "camera_to_world": [
                -0.7060823200033471,
                0.10228584695732224,
                -0.7007034771505802,
                -3.8620876541407685,
                0.15376462399780677,
                -0.9437567771440623,
                -0.2927107548442071,
                -1.402426073942831,
                -0.6912338228020267,
                -0.3144212955683436,
                0.6506420299270718,
                3.600096895340864,
                0.0,
                0.0,
                0.0,
                1.0
            ],
            "fov": 90.0,
            "aspect": 1.7777777777777777,
            "model_sizes": [],
            "model_poses": []
        },
        {
            "camera_to_world": [
                -0.6709030787808236,
                0.10712097591251862,
                -0.7337670988821742,
                -4.071649528558992,
                0.16100837409920382,
                -0.9448620670322175,
                -0.2851525517219456,
                -1.3778131990100746,
                -0.7238545173944441,
                -0.30945237243096974,
                0.6166634956315324,
                3.4895327007000407,
                0.0,
                0.0,
                0.0,
                1.0
            ],
            "fov": 90.0,
            "aspect": 1.7777777777777777,
            "model_sizes": [],
            "model_poses": []
        },
        {
            "camera_to_world": [
                -0.6348280568231005,
                0.11162230127249015,
                -0.7645481019065052,
                -4.250578330617789,
                0.16775144855040494,
                -0.9459954205126395,
                -0.2774024438939846,
                -1.3424093802374482,
                -0.7542233023312441,
                -0.30435690599647625,
                0.5818196318386007,
                3.330391948361066,
                0.0,
                0.0,
                0.0,
                1.0
            ],
            "fov": 90.0,
            "aspect": 1.7777777777777777,
            "model_sizes": [],
            "model_poses": []
        },
        {
            "camera_to_world": [
                -0.59892000340964,
                0.11569633717793631,
                -0.792407210390848,
                -4.4014131262382215,
                0.17385385910768797,
                -0.9471234565629069,
                -0.26968869776409893,
                -1.3000798047147655,
                -0.7817094506203445,
                -0.2992850072956221,
                0.5471369291309979,
                3.140067141808834,
                0.0,
                0.0,
                0.0,
                1.0
            ],
            "fov": 90.0,
            "aspect": 1.7777777777777777,
            "model_sizes": [],
            "model_poses": []
        },
        {
            "camera_to_world": [
                -0.564349279865014,
                0.11927432537133413,
                -0.8168742410084024,
                -4.5266929813413475,
                0.17921271401939928,
                -0.9482094201040197,
                -0.2622626522396976,
                -1.2546896595318402,
                -0.8058490512804748,
                -0.2944019886706145,
                0.5137458278342959,
                2.9359507845282424,
                0.0,
                0.0,
                0.0,
                1.0
            ],
            "fov": 90.0,
            "aspect": 1.7777777777777777,
            "model_sizes": [],
            "model_poses": []
        },
        {
            "camera_to_world": [
                -0.532360268408703,
                0.12231034788421814,
                -0.8376351970997011,
                -4.628956961848229,
                0.18375938218228488,
                -0.9492142362445841,
                -0.2553915095898761,
                -1.2101041317784862,
                -0.8263322782511879,
                -0.28988361890774783,
                0.4828482716228246,
                2.7354353800041853,
                0.0,
                0.0,
                0.0,
                1.0
            ],
            "fov": 90.0,
            "aspect": 1.7777777777777777,
            "model_sizes": [],
            "model_poses": []
        },
        {
            "camera_to_world": [
                -0.5042366257293095,
                0.12477710860260494,
                -0.8545034221358592,
                -4.710744133679927,
                0.18745316172437232,
                -0.9500976003822349,
                -0.24935088110423026,
                -1.1701884085445171,
                -0.8429749328613851,
                -0.28591121509429,
                0.45568414461186796,
                2.5559134317215584,
                0.0,
                0.0,
                0.0,
                1.0
            ],
            "fov": 90.0,
            "aspect": 1.7777777777777777,
            "model_sizes": [],
            "model_poses": []
        },
        {
            "camera_to_world": [
                -0.48126776904287105,
                0.1266593564461765,
                -0.8673746260440971,
                -4.7745935627575,
                0.19027141255528243,
                -0.9508190291949045,
                -0.24441760019498587,
                -1.1388076769197466,
                -0.8556740758283579,
                -0.2826669084726737,
                0.4334988982797839,
                2.414777443165258,
                0.0,
                0.0,
                0.0,
                1.0
            ],
            "fov": 90.0,
            "aspect": 1.7777777777777777,
            "model_sizes": [],
            "model_poses": []
        },
        {
            "camera_to_world": [
                -0.4623506533936561,
                0.12812421320557238,
                -0.8773916225363178,
                -4.827538829461821,
                0.19246452819959964,
                -0.9514131817851342,
                -0.24035466067957353,
                -1.116095407805781,
                -0.8655572070587622,
                -0.27999489908914493,
                0.4152271400001385,
                2.312633801773678,
                0.0,
                0.0,
                0.0,
                1.0
            ],
            "fov": 90.0,
            "aspect": 1.7777777777777777,
            "model_sizes": [],
            "model_poses": []
        },
        {
            "camera_to_world": [
                -0.435093988759916,
                0.13010482195704362,
                -0.8909354388778755,
                -4.8954109577234535,
                0.1954295069913989,
                -0.9522692416295603,
                -0.23450074465417325,
                -1.0835777492890422,
                -0.8789200923531589,
                -0.27614493793982353,
                0.3889003015017163,
                2.1663858696843907,
                0.0,
                0.0,
                0.0,
                1.0
            ],
            "fov": 90.0,
            "aspect": 1.7777777777777777,
            "model_sizes": [],
            "model_poses": []
        },
        {
            "camera_to_world": [
                -0.3998879402060409,
                0.13244589222620468,
                -0.9069441663686773,
                -4.975851532230433,
                0.19893356969457154,
                -0.9533749322344188,
                -0.2269398013473903,
                -1.0415191652594245,
                -0.8947150776232315,
                -0.2711721302409643,
                0.35489520376335376,
                1.977221563605656,
                0.0,
                0.0,
                0.0,
                1.0
            ],
            "fov": 90.0,
            "aspect": 1.7777777777777777,
            "model_sizes": [],
            "model_poses": []
        },
        {
            "camera_to_world": [
                -0.3597248040803571,
                0.13483260198397742,
                -0.9232649862155383,
                -5.061599275572165,
                0.20250518962584693,
                -0.954636256259357,
                -0.2183146042062191,
                -0.993921531142347,
                -0.9108181561123755,
                -0.2654991293344455,
                0.31610203861839176,
                1.7631402001735346,
                0.0,
                0.0,
                0.0,
                1.0
            ],
            "fov": 90.0,
            "aspect": 1.7777777777777777,
            "model_sizes": [],
            "model_poses": []
        },
        {
            "camera_to_world": [
                -0.3178400258338825,
                0.13701550431011583,
                -0.9381921282746737,
                -5.145392910338055,
                0.205770908909782,
                -0.9559515943729266,
                -0.20932004744482113,
                -0.9447867223632285,
                -0.925546352715173,
                -0.2595829362544938,
                0.27564587459480716,
                1.5421410960240864,
                0.0,
                0.0,
                0.0,
                1.0
            ],
            "fov": 90.0,
            "aspect": 1.7777777777777777,
            "model_sizes": [],
            "model_poses": []
        },
        {
            "camera_to_world": [
                -0.2777009283025992,
                0.13882759087179114,
                -0.9505835546823905,
                -5.219971159117508,
                0.2084809220890358,
                -0.9572120621390615,
                -0.2007007055802019,
                -0.898116614347488,
                -0.9377728400549784,
                -0.25391330825346686,
                0.23687577408211216,
                1.3322235677933727,
                0.0,
                0.0,
                0.0,
                1.0
            ],
            "fov": 90.0,
            "aspect": 1.7777777777777777,
            "model_sizes": [],
            "model_poses": []
        },
        {
            "camera_to_world": [
                -0.24293895144140265,
                0.14018399119719532,
                -0.9598589034251735,
                -5.278072744499928,
                0.21050861322593128,
                -0.9583036372645044,
                -0.19323628687002986,
                -0.8579130825205444,
                -0.9469249123506295,
                -0.2490031875652315,
                0.2032993432161232,
                1.151386932117453,
                0.0,
                0.0,
                0.0,
                1.0
            ],
            "fov": 90.0,
            "aspect": 1.7777777777777777,
            "model_sizes": [],
            "model_poses": []
        },
        {
            "camera_to_world": [
                -0.21725979805710438,
                0.1410626321987054,
                -0.965867234119348,
                -5.312436389074723,
                0.21182154020134958,
                -0.9591099771108855,
                -0.1877223665765095,
                -0.8281780023078168,
                -0.9528535119602145,
                -0.24537600861439193,
                0.1784959359244783,
                1.0176305056323893,
                0.0,
                0.0,
                0.0,
                1.0
            ],
            "fov": 90.0,
            "aspect": 1.7777777777777777,
            "model_sizes": [],
            "model_poses": []
        },
        {
            "camera_to_world": [
                -0.18898015217099462,
                0.1419115892987124,
                -0.9716725800948288,
                -5.334316188872586,
                0.21308949834978375,
                -0.9599979529065862,
                -0.18165020260985595,
                -0.7948374736667968,
                -0.9585819567352941,
                -0.24138150558374968,
                0.1511806898504467,
                0.867641900570786,
                0.0,
                0.0,
                0.0,
                1.0
            ],
            "fov": 90.0,
            "aspect": 1.7777777777777777,
            "model_sizes": [],
            "model_poses": []
        },
        {
            "camera_to_world": [
                -0.14690989816378242,
                0.14294892584073052,
                -0.9787661040424768,
                -5.358037595606174,
                0.21463748168156574,
                -0.9613189114343884,
                -0.17261721228196872,
                -0.744982672240875,
                -0.9655818107643198,
                -0.2354390688046146,
                0.1105450659302048,
                0.6433532417186487,
                0.0,
                0.0,
                0.0,
                1.0
            ],
            "fov": 90.0,
            "aspect": 1.7777777777777777,
            "model_sizes": [],
            "model_poses": []
        },
        {
            "camera_to_world": [
                -0.09560804414118029,
                0.14385606432153233,
                -0.9849693064524485,
                -5.380946365387828,
                0.215988609373327,
                -0.9629296685368129,
                -0.16160251876923348,
                -0.684363086984318,
                -0.9717036701157791,
                -0.22819265152388946,
                0.06099255097159175,
                0.3706306145421343,
                0.0,
                0.0,
                0.0,
                1.0
            ],
            "fov": 90.0,
            "aspect": 1.7777777777777777,
            "model_sizes": [],
            "model_poses": []
        },
        {
            "camera_to_world": [
                -0.0398329943269099,
                0.1444040784289932,
                -0.9887167413855326,
                -5.400388254329893,
                0.21680046211925627,
                -0.9646807959603433,
                -0.14962794368097213,
                -0.618728206851392,
                -0.9754029383735882,
                -0.22031437546921992,
                0.0071192537374558384,
                0.07534010450740047,
                0.0,
                0.0,
                0.0,
                1.0
            ],
            "fov": 90.0,
            "aspect": 1.7777777777777777,
            "model_sizes": [],
            "model_poses": []
        },
        {
            "camera_to_world": [
                0.015500360802289559,
                0.14450153417259137,
                -0.9893831641162925,
                -5.41370901854471,
                0.21693680928361442,
                -0.9664179769468568,
                -0.1377487372420865,
                -0.5538275207963633,
                -0.9760625797523659,
                -0.21249847165500294,
                -0.046327529088484254,
                -0.21665220291939558,
                0.0,
                0.0,
                0.0,
                1.0
            ],
            "fov": 90.0,
            "aspect": 1.7777777777777777,
            "model_sizes": [],
            "model_poses": []
        },
        {
            "camera_to_world": [
                0.06544466201217602,
                0.14420871411239294,
                -0.987380799381962,
                -5.418254414144623,
                0.21648891530589287,
                -0.9679859022170342,
                -0.1270269367447429,
                -0.49541051777349854,
                -0.9740890851271203,
                -0.20544376331036457,
                -0.09456909829899493,
                -0.47948022227209686,
                0.0,
                0.0,
                0.0,
                1.0
            ],
            "fov": 90.0,
            "aspect": 1.7777777777777777,
            "model_sizes": [],
            "model_poses": []
        },
        {
            "camera_to_world": [
                0.10514543758660455,
                0.1437168353439374,
                -0.9840172296222487,
                -5.411370197241973,
                0.21574435622872104,
                -0.9692322017958959,
                -0.11850447990407512,
                -0.449226686737064,
                -0.9707722748977623,
                -0.1998359583273346,
                -0.13291644010136494,
                -0.6872778680845455,
                0.0,
                0.0,
                0.0,
                1.0
            ],
            "fov": 90.0,
            "aspect": 1.7777777777777777,
            "model_sizes": [],
            "model_poses": []
        },
        {
            "camera_to_world": [
                0.13494407979228473,
                0.1431953955485754,
                -0.9804515153859983,
                -5.386781072274354,
                0.21495722271487433,
                -0.9701676234904294,
                -0.11210787097095368,
                -0.4151252093360179,
                -0.9672556475574188,
                -0.19562684126831656,
                -0.16169926172886323,
                -0.8407289451480016,
                0.0,
                0.0,
                0.0,
                1.0
            ],
            "fov": 90.0,
            "aspect": 1.7777777777777777,
            "model_sizes": [],
            "model_poses": []
        },
        {
            "camera_to_world": [
                0.1798038827357803,
                0.14216069722486063,
                -0.9733760321261662,
                -5.3251072137430855,
                0.2133978281911867,
                -0.9715757922663839,
                -0.10247851875019032,
                -0.3639819379925973,
                -0.9602770072621871,
                -0.18929029570078293,
                -0.20502988386351778,
                -1.0708860070623214,
                0.0,
                0.0,
                0.0,
                1.0
            ],
            "fov": 90.0,
            "aspect": 1.7777777777777777,
            "model_sizes": [],
            "model_poses": []
        },
        {
            "camera_to_world": [
                0.2382122226169845,
                0.1403535118281083,
                -0.961018120907922,
                -5.232852965425959,
                0.21067774330613404,
                -0.9734091742105622,
                -0.08994147006885432,
                -0.2969959174552944,
                -0.9480874566575128,
                -0.18103997149864165,
                -0.2614473240414983,
                -1.3723488411737725,
                0.0,
                0.0,
                0.0,
                1.0
            ],
            "fov": 90.0,
            "aspect": 1.7777777777777777,
            "model_sizes": [],
            "model_poses": []
        },
        {
            "camera_to_world": [
                0.3034438038856031,
                0.13769630620060103,
                -0.9428475938040812,
                -5.120699359268568,
                0.2066819008740181,
                -0.9754566182358237,
                -0.07594062016491901,
                -0.22132518947788915,
                -0.9301636682512051,
                -0.17182582226964688,
                -0.3244556010717359,
                -1.7129028220735976,
                0.0,
                0.0,
                0.0,
                1.0
            ],
            "fov": 90.0,
            "aspect": 1.7777777777777777,
            "model_sizes": [],
            "model_poses": []
        },
        {
            "camera_to_world": [
                0.36893460363931185,
                0.13431124151330492,
                -0.9196998144180843,
                -4.999327427216505,
                0.20159463416808437,
                -0.9775120716322384,
                -0.061885000508090926,
                -0.14412779581416152,
                -0.9073295221208997,
                -0.1625750294983976,
                -0.3877144542978186,
                -2.060333324353039,
                0.0,
                0.0,
                0.0,
                1.0
            ],
            "fov": 90.0,
            "aspect": 1.7777777777777777,
            "model_sizes": [],
            "model_poses": []
        },
        {
            "camera_to_world": [
                0.42859107096381077,
                0.13055534602871322,
                -0.8940162165830198,
                -4.879418201215365,
                0.19595236158677848,
                -0.9793842934475571,
                -0.04908235667522984,
                -0.07256177821789139,
                -0.881993404668458,
                -0.154148329123455,
                -0.4453379915859291,
                -2.3824257226033403,
                0.0,
                0.0,
                0.0,
                1.0
            ],
            "fov": 90.0,
            "aspect": 1.7777777777777777,
            "model_sizes": [],
            "model_poses": []
        },
        {
            "camera_to_world": [
                0.47701096505854845,
                0.12699559282173717,
                -0.8696738806114438,
                -4.77165271321074,
                0.1906061782398752,
                -0.9809037831870848,
                -0.03869176845341866,
                -0.013785178442858925,
                -0.8579800837028219,
                -0.14730881688860167,
                -0.4921080048487111,
                -2.6469653914157423,
                0.0,
                0.0,
                0.0,
                1.0
            ],
            "fov": 90.0,
            "aspect": 1.7777777777777777,
            "model_sizes": [],
            "model_poses": []
        },
        {
            "camera_to_world": [
                0.5094548768477671,
                0.12433315199911221,
                -0.851467554149888,
                -4.686711995148224,
                0.18660828199473656,
                -0.9819218733582287,
                -0.03172985520989532,
                0.025043961757156036,
                -0.8400196887853282,
                -0.14272596797581613,
                -0.5234464829553902,
                -2.821737705381488,
                0.0,
                0.0,
                0.0,
                1.0
            ],
            "fov": 90.0,
            "aspect": 1.7777777777777777,
            "model_sizes": [],
            "model_poses": []
        },
        {
            "camera_to_world": [
                0.5399860624619708,
                0.1216094396058657,
                -0.8328422398903431,
                -4.579431560297863,
                0.1825188510409523,
                -0.982879903590586,
                -0.025178644372783825,
                0.05921938817119431,
                -0.8216458612817977,
                -0.1384132916901688,
                -0.5529374642054787,
                -2.975590513952544,
                0.0,
                0.0,
                0.0,
                1.0
            ],
            "fov": 90.0,
            "aspect": 1.7777777777777777,
            "model_sizes": [],
            "model_poses": []
        },
        {
            "camera_to_world": [
                0.5818639423574351,
                0.1175017766629162,
                -0.8047531826997156,
                -4.411099111703451,
                0.17635226829255932,
                -0.9841939131211371,
                -0.0161931727395718,
                0.10557442971046051,
                -0.7939359105446313,
                -0.132497825855229,
                -0.593388655175767,
                -3.1842932272868785,
                0.0,
                0.0,
                0.0,
                1.0
            ],
            "fov": 90.0,
            "aspect": 1.7777777777777777,
            "model_sizes": [],
            "model_poses": []
        },
        {
            "camera_to_world": [
                0.629524467982808,
                0.11224844165295791,
                -0.7688297806130074,
                -4.202073965971198,
                0.16846680078965462,
                -0.9856892634747053,
                -0.005967654681061162,
                0.15926041930442192,
                -0.7584971201281264,
                -0.12576550885348523,
                -0.6394256450441779,
                -3.4260135610347464,
                0.0,
                0.0,
                0.0,
                1.0
            ],
            "fov": 90.0,
            "aspect": 1.7777777777777777,
            "model_sizes": [],
            "model_poses": []
        },
        {
            "camera_to_world": [
                0.6778123320613909,
                0.10620791767388572,
                -0.7275234159316633,
                -3.9727154397073194,
                0.15940088250628948,
                -0.9872041696586704,
                0.004391590230419767,
                0.21542868988254452,
                -0.717747728078407,
                -0.11894454855903625,
                -0.6860687962634453,
                -3.6789192308463967,
                0.0,
                0.0,
                0.0,
                1.0
            ],
            "fov": 90.0,
            "aspect": 1.7777777777777777,
            "model_sizes": [],
            "model_poses": []
        },
        {
            "camera_to_world": [
                0.7223124254078783,
                0.09988923063309141,
                -0.6843149141330456,
                -3.743382849518026,
                0.14991854595356324,
                -0.9886001114514633,
                0.01393733178641695,
                0.2692305743742957,
                -0.6751216110306038,
                -0.1126586048275248,
                -0.7290533924739385,
                -3.921177952372085,
                0.0,
                0.0,
                0.0,
                1.0
            ],
            "fov": 90.0,
            "aspect": 1.7777777777777777,
            "model_sizes": [],
            "model_poses": []
        },
        {
            "camera_to_world": [
                0.7595415740361742,
                0.09394096220726023,
                -0.6436394121946116,
                -3.5344355120095323,
                0.14099291391610752,
                -0.9897678509535358,
                0.02192257841279223,
                0.3158174057091415,
                -0.6349941696866956,
                -0.10739970595115257,
                -0.7650148414413346,
                -4.13095744126206,
                0.0,
                0.0,
                0.0,
                1.0
            ],
            "fov": 90.0,
            "aspect": 1.7777777777777777,
            "model_sizes": [],
            "model_poses": []
        },
        {
            "camera_to_world": [
                0.7869078983714141,
                0.08910973927854467,
                -0.6106025006879632,
                -3.366232743788048,
                0.1337439641812728,
                -0.9906261493515826,
                0.027791802135430456,
                0.3503405168165491,
                -0.6024022837985947,
                -0.1035339875913523,
                -0.7914494310362927,
                -4.286425413166578,
                0.0,
